86
119
137
177
187
200
204
237
243
244
264
323
338
370
412
444
450
453
460
462
464
476
564
753
774
833
838
861
864
892
896
903
913
936
938
992
996
1030
1046
1054
1088
1101
1102
1130
1150
1176
1204
1218
1219
1220
1225
1234
1240
1241
1242
1243
1254
1257
1292
1297
1302
1329
1342
1345
1346
1348
1354
1355
1359
1370
1400
1401
1456
1464
1480
1486
1493
1533
1534
1547
1560
1564
1573
1585
1609
1645
1646
1649
1663
1674
1676
1683
1687
1694
1697
1713
1720
1727
1775
1779
1794
1797
1830
1833
1853
1858
1863
1882
1884
1892
1893
1913
1917
1923
1935
1960
1967
1969
1973
1978
1979
1981
1983
1986
1989
2004
2005
2018
2019
2031
2040
2044
2046
2048
2049
2051
2052
2061
2063
2064
2068
2072
2075
2078
2081
2082
2083
2088
2092
2099
2107
2116
2118
2119
2120
2122
2123
2125
2126
2129
2131
2132
2140
2141
2143
2145
2146
2148
2151
2153
2157
2159
2160
2161
2162
2165
2170
2176
2187
2194
2196
2200
2206
2214
2215
2229
2244
2247
2249
2253
2256
2264
2265
2266
2267
2268
2275
2284
2286
2293
2303
2310
2315
2318
2326
2327
2328
2333
2335
2336
2337
2343
2345
2347
2351
2353
2354
2355
2366
2369
2370
2375
2377
2378
2381
2391
2392
2396
2399
2405
2406
2415
2419
2431
2435
2438
2442
2446
2448
2453
2457
2466
2467
2471
2474
2477
2478
2480
2481
2482
2484
2519
2520
2531
2536
2540
2541
2545
2551
2554
2562
2564
2566
2567
2576
2577
2581
2583
2585
2603
2608
2662
2663
2674
2678
2685
2687
2688
2689
2690
2703
2708
2710
2717
2719
2720
2722
2723
2724
2725
2726
2727
2728
2730
2732
2733
2743
2746
2749
2750
2753
2754
2755
2756
2762
2763
2764
2765
2768
2771
2777
2780
2782
2783
2784
2787
2788
2790
2794
2796
2797
2798
2799
2801
2802
2803
2805
2812
2871
2878
2879
2882
2893
2894
2895
2904
2905
2907
2910
2913
2929
2941
2948
2950
2955
2956
2966
2968
2972
2973
2984
2993
2995
3009
3012
3016
3017
3019
3025
3031
3033
3036
3037
3038
3039
3042
3044
3048
3052
3053
3055
3059
3065
3066
3071
3074
3077
3081
3082
3090
3100
3101
3103
3105
3106
3108
3111
3114
3117
3120
3121
3132
3151
3152
3156
3157
3162
3166
3168
3169
3170
3177
3180
3182
3185
3194
3198
3202
3213
3219
3220
3226
3229
3241
3242
3250
3262
3275
3276
3277
3278
3280
3285
3289
3290
3291
3292
3293
3305
3306
3307
3313
3314
3316
3324
3326
3329
3330
3331
3332
3333
3334
3335
3336
3338
3339
3341
3343
3344
3346
3348
3349
3351
3352
3354
3356
3357
3360
3365
3366
3371
3373
3374
3385
3386
3387
3394
3396
3397
3401
3406
3418
3423
3437
3440
3442
3446
3447
3448
3450
3455
3456
3463
3474
3475
3476
3478
3488
3493
3494
3501
3503
3505
3516
3518
3519
3532
3538
3540
3542
3545
3546
3547
3559
3561
3565
3568
3571
3590
3598
3600
3604
3607
3610
3611
3616
3627
3634
3639
3646
3647
3651
3652
3655
3657
3658
3663
3671
3672
3673
3675
3676
3677
3678
3682
3683
3686
3688
3689
3690
3696
3698
3702
3707
3712
3715
3718
3724
3728
3730
3735
3736
3739
3741
3742
3744
3747
3748
3749
3752
3758
3759
3760
3762
3765
3767
3784
3785
3792
3796
3797
3799
3803
3820
3822
3825
3826
3827
3828
3830
3838
3845
3878
3883
3894
3896
3899
3902
3903
3913
3925
3926
3932
3936
3946
3947
3948
3949
3953
3955
3957
3958
3960
3961
3964
3965
3969
3970
3971
3973
3976
3994
3998
4004
4006
4008
4011
4020
4021
4030
4031
4032
4034
4037
4039
4044
4045
4054
4055
4057
4059
4060
4062
4065
4066
4075
4078
4086
4091
4097
4098
4099
4100
4101
4105
4106
4107
4112
4114
4116
4119
4122
4133
4135
4139
4140
4141
4158
4160
4165
4167
4168
4169
4170
4171
4173
4174
4178
4184
4189
4195
4197
4199
4201
4205
4211
4212
4216
4217
4235
4236
4237
4260
4261
4262
4277
4284
4289
4296
4298
4299
4306
4308
4314
4342
4362
4364
4365
4375
4376
4380
4386
4402
4409
4410
4413
4417
4418
4421
4422
4431
4436
4449
4450
4456
4463
4472
4477
4485
4486
4487
4488
4493
4494
4495
4497
4499
4500
4507
4514
4515
4528
4533
4534
4539
4543
4544
4549
4552
4567
4578
4581
4583
4592
4593
4594
4595
4601
4608
4614
4615
4621
4622
4624
4628
4630
4631
4632
4633
4634
4636
4641
4649
4652
4670
4671
4674
4679
4680
4684
4687
4688
4698
4705
4707
4708
4712
4713
4735
4737
4740
4746
4748
4753
4754
4756
4760
4761
4764
4767
4768
4770
4771
4775
4780
4781
4784
4788
4792
4793
4806
4810
4814
4815
4817
4822
4823
4828
4829
4830
4831
4832
4837
4839
4843
4846
4847
4848
4849
4850
4855
4858
4877
4878
4879
4883
4886
4887
4888
4891
4893
4904
4906
4908
4909
4910
4911
4912
4913
4914
4915
4917
4919
4922
4926
4927
4928
4929
4930
4932
4933
4934
4935
4937
4938
4939
4943
4946
4970
4971
4976
4977
4984
4991
4992
4993
4994
4996
5002
5011
5013
5014
5029
5032
5035
5037
5042
5052
5053
5055
5059
5063
5070
5071
5073
5074
5078
5081
5083
5087
5090
5092
5094
5095
5104
5105
5143
5146
5152
5154
5161
5163
5166
5169
5173
5174
5175
5186
5190
5191
5205
5210
5215
5216
5219
5227
5228
5240
5245
5252
5253
5265
5268
5269
5270
5278
5290
5291
5303
5311
5314
5315
5318
5319
5320
5323
5324
5325
5327
5328
5329
5330
5332
5334
5335
5336
5338
5339
5340
5342
5344
5350
5353
5358
5359
5361
5362
5368
5374
5379
5381
5383
5387
5391
5392
5394
5400
5401
5403
5405
5411
5417
5419
5426
5429
5430
5440
5452
5453
5455
5456
5467
5468
5472
5475
5478
5479
5482
5487
5494
5497
5501
5503
5504
5505
5509
5510
5511
5517
5519
5522
5526
5531
5533
5534
5537
5543
5546
5560
5564
5565
5566
5567
5568
5572
5573
5574
5576
5577
5578
5584
5585
5587
5591
5593
5597
5601
5606
5610
5613
5614
5619
5625
5626
5632
5639
5641
5646
5656
5662
5665
5666
5681
5684
5685
5694
5699
5707
5709
5712
5713
5714
5717
5719
5720
5723
5730
5732
5735
5744
5745
5746
5749
5753
5755
5756
5780
5794
5803
5814
5816
5819
5850
5853
5893
5897
5904
5905
5906
5910
5917
5920
5943
5944
5952
5958
5959
5961
5966
5983
5991
5994
6005
6009
6010
6024
6032
6035
6041
6047
6049
6072
6075
6077
6082
6093
6103
6127
6129
6167
6185
6194
6196
6197
6212
6215
6230
6234
6249
6253
6256
6280
6293
6303
6305
6307
6446
6466
6477
6575
6603
6613
6623
6634
6674
6675
6697
6726
6736
6738
6741
6742
6758
6759
6760
6769
6780
6834
6839
6843
6855
6857
6869
6883
6890
7011
7028
7029
7046
7082
7108
7121
7172
7181
7184
7196
7314
7333
7427
7456
7510
7534
7564
7578
7638
7699
7741
8029
8187
8197
8215
8226
8249
8343
8362
8369
8378
8400
8421
8433
8441
8480
8515
8550
8567
8569
8593
8609
8616
8765
8982
8987
9047
9062
9064
9363
9415
9416
9417
9419
9429
9458
9554
9642
9651
9681
9687
9705
9727
9782
9801
9878
9880
9904
9918
9934
10133
10140
10143
10154
10168
10177
10204
10205
10206
10208
10219
10228
10235
10251
10302
10365
10531
10607
10631
10635
10660
10666
10742
10745
10748
10767
10770
10783
10819
10831
11012
11052
11095
11096
11289
11683
11831
11862
11952
12035
12041
12124
12478
12492
12540
12555
12560
13109
13342
13711
13738
13791
13817
14113
14187
14403
14520
14709
14900
14925
14987
15074
15096
15209
15330
15376
15387
15443
15459
15478
15541
15548
15592
15625
15723
15760
15897
16043
16124
16231
16351
16362
16363
16490
16741
16822
17104
17134
17142
17198
17277
17461
17507
17534
18087
18283
18381
18721
19001
19003
19009
19493
19529
19667
19675
20039
20279
20299
20345
20393
20525
20864
21100
21109
21138
21157
21307
21700
21704
21800
22407
22565
22752
23307
23492
23606
23897
24066
24288
24360
24707
24733
24947
25051
25126
25295
25419
25429
25600
26098
26248
26533
26596
26757
26879
26934
26937
26987
27200
27400
27447
27559
27648
27661
27873
27924
27991
28061
28693
28761
28871
28894
29083
29243
30668
30751
30951
31072
31101
31275
31307
31373
31404
31411
31508
31549
31553
31635
32170
32281
32334
32798
33032
33036
33474
33572
33613
33625
33630
33887
34040
34312
34359
34458
34521
34633
34677
34772
34781
34870
35370
35375
35802
36273
36462
36811
36906
37033
37175
37393
37459
37461
37463
37542
37589
37907
38081
38258
38409
38521
38853
38945
39042
39065
39147
39186
39385
39836
39912
39981
40399
40486
40539
40632
40634
40692
40839
40854
41049
41109
41214
41684
41693
41781
41867
42008
42574
42785
42890
43231
43345
43961
44093
44112
44187
44564
44602
46695
46697
46740
47318
47472
47510
47528
47641
47751
47811
48229
49381
50248
50287
50312
50515
50942
51039
51081
51173
51576
51634
51683
51755
53001
53232
53276
53359
53389
53555
53569
53708
54260
54385
54445
54456
54459
54477
54562
54585
54746
54766
54833
54841
54892
54897
55005
55263
55283
55445
55652
56052
56208
56463
56959
56971
57030
57242
57267
57363
57364
57469
57697
57782
57946
58144
58258
59227
59693
59768
60026
60063
60149
60164
60464
60490
60511
60602
60606
60648
60651
60663
60700
60703
60726
60750
60751
60753
60769
60785
60795
60823
60825
60835
60838
60840
60846
60852
60854
60857
60860
60877
60910
60923
60937
60943
60947
60961
62034
62389
62824
62861
62872
62875
62887
62959
64139
64715
64961
64971
64981
65015
65016
65028
65057
65064
65157
65237
65351
65373
65399
65482
65490
65492
65552
65626
65628
65637
65655
65659
65663
65681
65747
65752
65781
65833
65854
65863
65889
65906
65909
65937
65944
65957
65981
65997
65999
66148
66265
66377
66414
66490
66654
67069
67278
67361
67946
68071
68077
68079
68082
68085
68093
68094
68186
68296
68374
68591
68602
68634
68712
68740
68770
68778
68791
68801
68802
68834
68844
68848
68870
68871
68873
68909
68911
69216
69550
70372
70413
70547
70684
70882
70912
71015
71077
71157
71183
71188
71203
71234
71261
71277
71307
71310
71329
71354
71360
71384
71616
71655
71693
71771
71777
71781
71815
71967
72016
72067
72093
72124
72131
72172
72281
72287
72301
72303
72326
72344
72376
72385
72390
72430
72846
72894
72967
73078
73157
73214
73333
73364
73453
73677
74490
74603
74708
74709
74812
74865
74981
75220
75919
76632
77553
77793
77991
77999
79873
81493
82146
82148
82153
82320
82693
82755
83969
84008
84029
86101
87327
87372
88129
88505
89594
91270
91461
91468
91469
91486
91518
91536
91610
91613
91668
91769
92095
92122
92214
92258
92400
92409
92727
92766
92786
92859
92970
92974
94230
94364
94378
94701
94870
95801
95883
96670
96946
97226
97807
98889
99613
100016
100018
100493
100526
101277
101498
101616
101771
101795
101989
102175
102614
104842
104845
104850
104865
104956
104999
105007
105008
105078
107410
107641
107704
107715
107751
107775
107780
107867
107896
107905
107926
107930
107935
107950
107967
107970
107992
108001
108029
108046
108051
108092
108094
108104
108107
108137
108143
108182
110635
114709
114750
114771
114811
114829
114904
114924
115111
115175
115193
115210
115348
115355
115368
118176
118215
119029
119031
119032
119034
119039
119053
119182
119192
119198
119214
119357
119368
119369
119373
119376
119461
119565
119570
119584
119607
119828
121051
121249
121396
121846
121878
121891
121892
121926
121930
122023
122070
122077
122150
122162
122272
122295
122324
122327
122334
122335
122623
122718
123600
123606
123610
123618
123619
123630
123631
123662
123683
123686
123692
123767
123831
123879
123924
123964
124007
124087
124172
124246
124334
124704
124735
124846
125017
125085
125358
125519
125564
125595
125782
126274
126280
126388
126402
126565
126688
126769
127382
127404
127861
127894
127898
127951
128018
128268
128355
128563
128737
128784
128853
128878
128919
129211
129228
129348
129360
129989
130313
130424
130611
130881
130918
130956
131411
131536
131747
131906
132059
132252
132449
132496
132519
132846
132887
132981
132995
133002
133008
133017
133076
133106
133538
133621
133633
133795
134014
134018
134044
134117
134141
134230
134551
134772
134778
134780
135179
135269
135411
145659
146033
146570
148121
148124
148184
148192
148195
148198
148201
149096
149351
149784
150311
150962
151075
151118
151166
151170
151171
151172
151194
151289
151819
152670
152946
153005
153241
153948
153994
154059
154087
154257
154575
155774
155806
155815
156314
156414
156419
156422
158758
158781
158794
159269
159278
159324
159594
159603
159642
159908
159916
160020
160254
160355
160588
161313
161566
161591
161930
162755
163332
163844
164087
164509
164522
164676
164723
165214
166553
166558
167551
167683
167715
168182
168613
168868
170344
170451
171548
172813
172997
173273
173614
175540
175805
176157
176158
176167
176407
176408
176870
176873
177236
177992
178024
180081
180559
180933
182362
182585
182593
182659
183470
183782
184644
187079
188244
188914
189562
189748
190006
190901
192197
192370
192706
193386
193422
193691
193949
193962
194138
195165
195915
196841
196968
197033
197383
197690
197706
197810
197835
198693
199472
202225
203911
205912
206666
208898
208901
208902
208953
210332
210739
213039
213040
213046
213056
214346
214347
214348
216210
216235
216237
216239
216305
216327
216345
216454
216468
219078
219081
219101
219104
219271
220184
221071
221493
222515
222528
222786
224246
224859
228398
230710
230748
236702
244898
247839
251462
252682
253078
256411
259329
260972
262093
262953
263976
265237
272833
273769
275510
285033
287263
288216
289840
295425
300471
302929
303993
310557
311434
313633
322968
327120
327653
328236
331820
334704
336423
343083
345945
346721
350555
353825
361510
362743
363863
364622
369976
373878
374536
378567
378811
379077
386331
390807
392622
393593
393595
394449
395754
399698
400169
405012
409805
412800
414684
415541
417052
421610
438981
439246
439260
439285
439503
439533
439620
439654
440936
441029
441074
441130
441140
441145
441199
441243
441289
441290
441328
441336
441383
441401
441594
441720
441749
441764
441853
441860
442009
442021
442128
442195
442397
442424
442428
442530
442544
442649
442793
442872
442894
442897
442912
442916
442972
443118
443155
443278
443375
443389
443390
443423
443872
443874
443879
443943
443944
443953
444025
444029
444031
444036
444732
444795
444899
445070
445154
445319
445354
445580
445621
445713
445858
446155
446156
446157
446284
446313
446378
446541
446596
446872
446916
447213
447277
447905
447912
447966
448013
448014
448042
448055
448281
448537
448799
448912
448949
448991
449054
449171
449193
449196
449241
449381
449459
451668
454216
454217
456199
456201
456214
456389
457193
457928
457964
458876
459617
460612
460747
462382
464205
467801
471161
481747
483168
483407
485707
491941
492405
494471
512282
512292
514186
515328
515709
547914
566661
568416
572154
573894
574780
576989
589768
590707
590894
591256
592220
596344
600605
600670
604519
609483
610065
610479
610696
612556
613000
616573
622606
625469
629852
629853
632854
636411
637213
637542
637563
637566
637568
637858
637863
638024
638034
638278
639665
641266
641785
643460
643606
644076
644213
644241
645210
645618
645872
646509
648844
650228
650573
650705
655278
656516
656615
656665
656717
656731
656732
656765
656767
657237
657255
657298
657309
657356
659031
659840
660886
661400
662619
663274
666064
666418
667453
667466
667467
667476
667477
667484
667490
667511
667594
667601
668081
669117
669190
670967
671222
672245
672296
673329
673465
674274
674282
675434
676288
676292
676293
676352
679758
680502
681615
682802
687114
687170
688020
688272
688561
688664
688666
688670
688798
688800
689043
693139
695345
695347
697993
698112
698942
699552
700360
701150
701939
702558
704129
704205
704473
706531
707029
708538
708857
710962
714083
716121
719365
720272
720932
727425
733669
735034
735755
735894
736269
736577
736628
739852
741395
742357
743143
746627
747185
748328
750586
752172
753704
755405
755673
761523
763244
767214
768699
770820
771910
775191
776319
777301
781301
782168
782696
789791
790989
792012
800048
800252
800654
800760
801047
817368
824226
824820
834719
838674
839770
842059
854019
854343
855012
855567
870371
871154
872445
876559
877183
877874
893707
894165
895450
896331
897475
906542
914635
933171
936254
941361
941650
946273
946943
952391
969472
969516
970188
971629
972980
973303
973957
976690
976971
980157
981129
984170
986349
989617
1013376
1013514
1017704
1034641
1034643
1037728
1042895
1043828
1048267
1048845
1049140
1075883
1078539
1080352
1086567
1086976
1087278
1088438
1090779
1091784
1091861
1093221
1103147
1109840
1126109
1133081
1133083
1135867
1140587
1150897
1151030
1151760
1172104
1182101
1182617
1188388
1189521
1189620
1191868
1201549
1201964
1201976
1206243
1220374
1241420
1242010
1242547
1242560
1242564
1244300
1245700
1248117
1248840
1251584
1252042
1252831
1257201
1257352
1258678
1261254
1262839
1265060
1285940
1287820
1288922
1288929
1289024
1294193
1294885
1297252
1299526
1299899
1300352
1302558
1303623
1304413
1304563
1305613
1317466
1317598
1326094
1327854
1329190
1333937
1345154
1349139
1349907
1361332
1363881
1366986
1367095
1383884
1398674
1403142
1417813
1432578
1471787
1474853
1505783
1505784
1507946
1510389
1517919
1520267
1542071
1543530
1547484
1547739
1548076
1548885
1548953
1548972
1549000
1549008
1549120
1549512
1550607
1554210
1560402
1582687
1604254
1612038
1622530
1634732
1635461
1637653
1641662
1645763
1714884
1714949
1715307
1716436
1721551
1772635
1794427
1797892
1817779
1817873
1825553
1853048
1856447
1864426
1893668
1893730
1894361
1901244
1916559
1955478
1963150
1978813
1993104
2016258
2046011
2056026
2057146
2090194
2120347
2130404
2133840
2155128
2180477
2183264
2186104
2187895
2191501
2196358
2201555
2202512
2203170
2207955
2208391
2209276
2211279
2215989
2218860
2219490
2222011
2222056
2222450
2243732
2250975
2258411
2274454
2300608
2300880
2345373
2387953
2416356
2442307
2449454
2466259
2519269
2630179
2723601
2724354
2724365
2724385
2724387
2725417
2726279
2728620
2728652
2729027
2729755
2729826
2733484
2733529
2733768
2734756
2735313
2736301
2736690
2739070
2739654
2741632
2743471
2743956
2744062
2747117
2748618
2757788
2757979
2761171
2769158
2769229
2769230
2772126
2775510
2777391
2785467
2787526
2793096
2797577
2802190
2802894
2803032
2803059
2803185
2806677
2807869
2809273
2809486
2812032
2812625
2815576
2815616
2815801
2816236
2816422
2817242
2817908
2818504
2818982
2819095
2819152
2819320
2819658
2819993
2820118
2820134
2820381
2820633
2820696
2824173
2825553
2826386
2827646
2828334
2830268
2834096
2834356
2837530
2837663
2838441
2842253
2844045
2847176
2850171
2851120
2853753
2853908
2857183
2864482
2868336
2868392
2872362
2874250
2876959
2878746
2887234
2888950
2896739
2921148
2928239
2930014
2930694
2930928
2941340
2941514
2941653
2945648
2945948
2946881
2949965
2951172
2951539
2951859
2952127
2953683
2955543
2956238
2956635
2956728
2956806
2958453
2963476
2967179
2972664
2976290
2977478
2980973
2981024
2981635
2986153
2987927
2989846
2998537
2998821
3000022
3000540
3000667
3001055
3001077
3001199
3002119
3002120
3003141
3003565
3004085
3005573
3006531
3011155
3025944
3025961
3025986
3032285
3032818
3033637
3033677
3033769
3033818
3033825
3034010
3035026
3035672
3035714
3035746
3035842
3035905
3036461
3036703
3036864
3037043
3037918
3037981
3038485
3038495
3038522
3038525
3044812
3052776
3054685
3058754
3062316
3064778
3078519
3080554
3080836
3080926
3081027
3081361
3081980
3082629
3082718
3083677
3083928
3084545
3086618
3091786
3094068
3101228
3101542
3104706
3107687
3122973
3124281
3125011
3126290
3136666
3136845
3151270
3156173
3157053
3162043
3190037
3190055
3219071
3223669
3232217
3232621
3233012
3234850
3238551
3239835
3240741
3243873
3244875
3245435
3245746
3246023
3247059
3248000
3248571
3270699
3272300
3272524
3277599
3279840
3290072
3292447
3298213
3310692
3337816
3342298
3380841
3385203
3386873
3387354
3392731
3397945
3408722
3410883
3428129
3455588
3463933
3467177
3467590
3473393
3473650
3476986
3477497
3489614
3492326
3500831
3503044
3516032
3519541
3539719
3550807
3554670
3563638
3567002
3593902
3601086
3610881
3612673
3634881
3642305
3645619
3646984
3650962
3654103
3682562
3685735
3689413
3689415
3689416
3693566
3708824
3721046
3739601
3763775
3765615
3780913
3816756
3825829
3854666
3856780
3863978
3894573
3899541
3906779
3906894
3913264
3917094
3919910
3921071
3921152
3926765
3929516
3938007
3938139
3941250
3950722
3953303
3970042
3976006
3989419
3991028
3994476
3995234
4003359
4013695
4014619
4018512
4018928
4020240
4020695
4029677
4038180
4043357
4076092
4077460
4083470
4084010
4089709
4124546
4133412
4137633
4183496
4190864
4207396
4207918
4210951
4214594
4220279
4221587
4233538
4234918
4236593
4257102
4259181
4273754
4284525
4284720
4302960
4302962
4302963
4302964
4306515
4309557
4331799
4336830
4350931
4353886
4355450
4364841
4367545
4369270
4369359
4369491
4369524
4377504
4381125
4392675
4396344
4412068
4412255
4423427
4423767
4431362
4432160
4443990
4445621
4462449
4464271
4484064
4516886
4519822
4520732
4521392
4534085
4534086
4564401
4565183
4574540
4579738
4602050
4614130
4624993
4643334
4658388
4659569
4668801
4671491
4673190
4673492
4679312
4687238
4694339
4727493
4791237
4822526
4879301
4879425
4898145
4988454
4990100
4990817
4995951
5005498
5023925
5024764
5025739
5036604
5039877
5040063
5056826
5065494
5076486
5081913
5092098
5124753
5132371
5132514
5134354
5137129
5145950
5149140
5153532
5170952
5191289
5197049
5202074
5218788
5219341
5221400
5221450
5225086
5225092
5234410
5240098
5244802
5271544
5271805
5273569
5275766
5277135
5278396
5280343
5280360
5280363
5280378
5280436
5280445
5280450
5280489
5280567
5280569
5280581
5280647
5280704
5280746
5280804
5280805
5280863
5280881
5280933
5280934
5280953
5280954
5280961
5281002
5281004
5281037
5281040
5281071
5281078
5281081
5281087
5281104
5281222
5281365
5281404
5281416
5281426
5281437
5281542
5281565
5281607
5281613
5281614
5281616
5281621
5281643
5281657
5281670
5281672
5281691
5281707
5281708
5281718
5281719
5281743
5281750
5281787
5281792
5281804
5281847
5281855
5281881
5281884
5281894
5281901
5281912
5281951
5282054
5282071
5282073
5282136
5282138
5282150
5282168
5282219
5282226
5282230
5282272
5282273
5282280
5282339
5282367
5282375
5282379
5282381
5282440
5282443
5282459
5282493
5282593
5283066
5283344
5283387
5283389
5283393
5283454
5283731
5283734
5283748
5284329
5284373
5284375
5284513
5284514
5284550
5284583
5284585
5284627
5286239
5286534
5286678
5287620
5287855
5287969
5288149
5288209
5288320
5288382
5288600
5288783
5288998
5289501
5290633
5308776
5308840
5309153
5310966
5310968
5310988
5310993
5311018
5311032
5311037
5311042
5311047
5311053
5311083
5311097
5311100
5311128
5311191
5311200
5311203
5311211
5311217
5311221
5311257
5311276
5311304
5311340
5311345
5311346
5311390
5311424
5311432
5311451
5311452
5311454
5311457
5311479
5311493
5311501
5311507
5311510
5312111
5312114
5312122
5312137
5312145
5312149
5312331
5312529
5312531
5312557
5316606
5317750
5318562
5318569
5318998
5319022
5319771
5320346
5323714
5324346
5326713
5327723
5328748
5328760
5328768
5328769
5328771
5328772
5328804
5328807
5328940
5329006
5329098
5329099
5329102
5329103
5329255
5329468
5329480
5330286
5330535
5330790
5334616
5337366
5337997
5341934
5344250
5349954
5351344
5351542
5352062
5353338
5353376
5353387
5353390
5353391
5353392
5353431
5353432
5353441
5353454
5353593
5353609
5353622
5353623
5353633
5353646
5353760
5353792
5353809
5353842
5353852
5353853
5353895
5353919
5353962
5354004
5354033
5355836
5356121
5359371
5360515
5360696
5360788
5361092
5361202
5362116
5362119
5362124
5362440
5369129
5372720
5375083
5377914
5378597
5385074
5388993
5391149
5392245
5393152
5397276
5405270
5416418
5447130
5458656
5460339
5460428
5462437
5462501
5466054
5467485
5468216
5469318
5472495
5475158
5475586
5478883
5480230
5487407
5487427
5488548
5488645
5491955
5493444
5494449
5496659
5497124
5497136
5497181
5497183
5498067
5574924
5701990
5701993
5701996
5701999
5702003
5702007
5702030
5702036
5702040
5702051
5702055
5702058
5702063
5702067
5702068
5702069
5702072
5702076
5702080
5702090
5702093
5702094
5702107
5702126
5702135
5702145
5702153
5702158
5702164
5702166
5702172
5702199
5702265
5703601
5707818
5716606
5716861
5717737
5717801
5720188
5741425
5742673
5742832
5748555
5756371
5758458
5788723
5808649
5810067
5812876
5866327
5875451
5904441
5908088
5912039
5918561
5926218
5932959
5938151
5941539
5951068
5962587
5974189
6048135
6063287
6070589
6071382
6091659
6093179
6142670
6160690
6166563
6173479
6178111
6184667
6255462
6274486
6305587
6321411
6321414
6321424
6323266
6324610
6328608
6334600
6335411
6336338
6337614
6337640
6347545
6375741
6376322
6399253
6401129
6401201
6403456
6410757
6413301
6419747
6419753
6419755
6419833
6419844
6419931
6421522
6422124
6433109
6433118
6433346
6435901
6436048
6436135
6436393
6437068
6437862
6438340
6438381
6438629
6439225
6439628
6439848
6439929
6442177
6443013
6444692
6445533
6445540
6445562
6446335
6449767
6450278
6450546
6450551
6450813
6451149
6451164
6453092
6473866
6473883
6476406
6477762
6481236
6505803
6519698
6539171
6539732
6540825
6541041
6545175
6546945
6560153
6560164
6602440
6602442
6602443
6602476
6602488
6603703
6603728
6603797
6603798
6603820
6603827
6603865
6603866
6603897
6603901
6603931
6604009
6604200
6604284
6604381
6604446
6604453
6604471
6604724
6604749
6604756
6604763
6604779
6604780
6604789
6604794
6604822
6604858
6604878
6604881
6604887
6604889
6604893
6604909
6604915
6604918
6604926
6604928
6604931
6604933
6605258
6610216
6610217
6610261
6610267
6610268
6610273
6610281
6610300
6610303
6610310
6610313
6610319
6610326
6610344
6610347
6610350
6610353
6610354
6610355
6620794
6620960
6621011
6621029
6621039
6622243
6622365
6622773
6623618
6626036
6668566
6669976
6675804
6708465
6708482
6708506
6708508
6708512
6708514
6708516
6708518
6708523
6708532
6708539
6708540
6708542
6708543
6708551
6708556
6708558
6708566
6708573
6708577
6708581
6708582
6708584
6708586
6708587
6708599
6708600
6708618
6708622
6708624
6708630
6708636
6708640
6708643
6708644
6708656
6708676
6708684
6708693
6708706
6708716
6708718
6708722
6708724
6708725
6708727
6708733
6708747
6708758
6708762
6708769
6708778
6708782
6708786
6708801
6710619
6710620
6710622
6710627
6710628
6710640
6710647
6710659
6710662
6710674
6710678
6710682
6710690
6710699
6710724
6710727
6710733
6710736
6710740
6710741
6710752
6710754
6710772
6710775
6710776
6710779
6711154
6713924
6713947
6713958
6729029
6729031
6729038
6729040
6729078
6729207
6729240
6729245
6729328
6729449
6729559
6729586
6729590
6729593
6729762
6729775
6729782
6729815
6729968
6730584
6731173
6731789
6731816
6731927
6732081
6732844
6842999
6851740
6852167
6857767
6857784
6857787
6857791
6857980
6867256
6872741
6875617
6875690
6878030
6884367
6913176
6914273
6914657
6915744
6917960
6918030
6918097
6918140
6918155
6918184
6918236
6918289
6918305
6918314
6918324
6918409
6918454
6918456
6918493
6918508
6918509
6918537
6918540
6918554
6918638
6918670
6918736
6918837
6918852
6918878
6927363
6932403
6950539
6976314
6978790
7015679
7020215
7048624
7048637
7048664
7048709
7048968
7060079
7061041
7061052
7061273
7067264
7073234
7075140
7083563
7091864
7092995
7122097
7141881
7211972
7251185
7326481
7688340
7688341
7693333
7694069
7708820
7791937
7972413
9214159
9543513
9543540
9547215
9547243
9549171
9549213
9549284
9549289
9549297
9549298
9549305
9550235
9552079
9553856
9555025
9558362
9570071
9571004
9571107
9578572
9583102
9592990
9600276
9600409
9601084
9604992
9604993
9615346
9616928
9640748
9690109
9795276
9795278
9795867
9796068
9796290
9797568
9797798
9797857
9799509
9801969
9803433
9803475
9803963
9804992
9805390
9806229
9806489
9808022
9808844
9810884
9810929
9811606
9811834
9813758
9815618
9816959
9818682
9818903
9819927
9820008
9820766
9821459
9821849
9823180
9823820
9824562
9825149
9826308
9826528
9827968
9828429
9828911
9829523
9829526
9830191
9830392
9832447
9834591
9836739
9838712
9839311
9839842
9840076
9840324
9841560
9841596
9841834
9841972
9843900
9844347
9847023
9848818
9849616
9850876
9851211
9853053
9858940
9860529
9861730
9862248
9863367
9863672
9864378
9865515
9865554
9865652
9867642
9867770
9867812
9868037
9869929
9871074
9872438
9872740
9874838
9874913
9875401
9877425
9880620
9881279
9882580
9882972
9882979
9884685
9884817
9885087
9886086
9886498
9887537
9887870
9887884
9888030
9888141
9888590
9889200
9889366
9891901
9892554
9893571
9893887
9893924
9902311
9903757
9903786
9904854
9905190
9906875
9907093
9907323
9908783
9908992
9909648
9910224
9910486
9911463
9911830
9912743
9912992
9914412
9915743
9915886
9916058
9917079
9918559
9924495
9926048
9926791
9926832
9926999
9927531
9927768
9930049
9931891
9931954
9933475
9934347
9934458
9935249
9935681
9936388
9936746
9938840
9939609
9941444
9947841
9949093
9949641
9951687
9952220
9952605
9952709
9952773
9952884
9953065
9953592
9953599
9953769
9954280
9956145
9956146
9956222
9956637
9957280
9958279
9960285
9961192
9966051
9967941
9982218
9989505
9994677
10000456
10020353
10022508
10026128
10029385
10040286
10050129
10052040
10058277
10063341
10068193
10071166
10071196
10074640
10077130
10077147
10081070
10090485
10096344
10099206
10108190
10109069
10109823
10113978
10117987
10125107
10126189
10127622
10131079
10131112
10133297
10135759
10141893
10152654
10158940
10160238
10173277
10182969
10184653
10186367
10200390
10201696
10202642
10223146
10224714
10252734
10253143
10253795
10265481
10275777
10286159
10288191
10291556
10294813
10295295
10296883
10297043
10302451
10311918
10316032
10322450
10330240
10335364
10337209
10341154
10343454
10352540
10357822
10366136
10367662
10370504
10377751
10379137
10385095
10398360
10401611
10404245
10405323
10407195
10410310
10410894
10420710
10427712
10429242
10430360
10432609
10436840
10437018
10446295
10452020
10453870
10461508
10461815
10474339
10479060
10484458
10521421
10620479
10668061
10668211
10687292
10724564
10798271
10932412
10947895
11001318
11003969
11052947
11072143
11154555
11167602
11175137
11180808
11192346
11201035
11201705
11207937
11210285
11210478
11213350
11213558
11214940
11219835
11222830
11224409
11226090
11228183
11234049
11234052
11238147
11249248
11256587
11270783
11272107
11282283
11289630
11292191
11292680
11296282
11296583
11302540
11304743
11313361
11317348
11319053
11326715
11327430
11338033
11339118
11345983
11351021
11351968
11360300
11364421
11373846
11382492
11387409
11395181
11404337
11417954
11427553
11434515
11438771
11440648
11442891
11450633
11455910
11485656
11488320
11492836
11493598
11494412
11494970
11497983
11502243
11507802
11511120
11519070
11524144
11527152
11527661
11531745
11538455
11539025
11548630
11552706
11552757
11556711
11560787
11561383
11561674
11565518
11570626
11575713
11581936
11595431
11597537
11598628
